Class,File,Amount of Faces,Amount of Vertices,Barycenter of pointcloud,Size,Biggest axis boundingbox,Barycenter distance to origin,Eigenvalues,Eigenvectors
-Testmeshes,Cube.obj,12,8,[-1.25e-07  0.00e+00  2.50e-07],[2.       2.       2.000001],2.000001,2.795084971768922e-07,[1.14285743 1.14285706 1.14285666],"[[-7.583543184927297e-08, 0.7071066674930833, 0.7071068948799895], [0.7071067975001096, -0.5000000307899861, 0.4999999461391492], [0.7071067648729812, 0.5000001298465478, -0.4999998932242907]]"
-Testmeshes,Sphere.obj,320,162,[-3.08395285e-17  5.00000001e-01 -2.09708794e-16],[5.0911684 5.0911684 5.0911684],5.09116840362,0.5000000007359593,[2.17343825 2.173409   2.17339364],"[[0.15486987187015935, 2.4353969981593953e-12, -0.9879348778066905], [-0.9879348778066905, 3.817757926466457e-13, -0.15486987187015935], [5.048709793414476e-29, 1.0000000000000002, 2.4651392038776976e-12]]"
AircraftBuoyant,m1337.obj,340,201,[0.45806434 0.51589741 0.45660967],[0.864234 0.95     0.864234],0.95,0.8273242840266136,[0.10504595 0.04645249 0.04645206],"[[0.0013793298419172459, -0.9999986713754649, -0.000868732693051006], [-0.8608791055272174, -0.0016294556358284905, 0.5088069482043154], [-0.508807687752303, 4.606121630294617e-05, -0.8608802092989006]]"
AircraftBuoyant,m1338.obj,16960,8761,[0.47991081 0.54983541 0.48093688],[0.908058 0.95     0.912901],0.95,0.8740329816220646,[0.09733962 0.04685405 0.04683994],"[[0.0010894151247557286, -0.9999992038990819, -0.0006366913605673547], [-0.9998592609929126, -0.0010999212857418109, 0.016740620653722997], [-0.016741307636879463, 0.0006183642679194833, -0.9998596632749217]]"
AircraftBuoyant,m1339.obj,6173,1878,[0.31299033 0.35299274 0.32617148],[0.582072 0.95     0.601812],0.95,0.5735456891858638,[0.06554274 0.00892623 0.00866799],"[[0.005321417088181732, 0.9999842215508817, -0.0017997692771727102], [0.009954223625305045, 0.0017467343477841912, 0.9999489298714889], [0.9999362959469925, -0.005339060628586108, -0.00994477146108725]]"
AircraftBuoyant,m1340.obj,1457,778,[0.19554008 0.3116706  0.1938877 ],[0.342686 0.95     0.342689],0.95,0.4158929250814267,[0.08524597 0.00322742 0.00317761],"[[0.0011688762526634213, 0.9999914474262267, 0.003967215989341789], [0.9999791298359194, -0.0011940512783130553, 0.006349341236851265], [0.006354023992965342, 0.003959711598701336, -0.9999719731388235]]"
AircraftBuoyant,m1341.obj,824,425,[0.20235556 0.39406215 0.20228764],[0.354575 0.95     0.354575],0.95,0.486983613311118,[0.08771655 0.00299744 0.00286422],"[[-0.0002078429199457681, -0.9999999784006599, -1.1958020806645985e-08], [-0.9999999783995115, 0.00020784291992760953, 1.5156587445698518e-06], [-1.515656226442662e-06, 1.2273039487459629e-08, -0.9999999999988513]]"
AircraftBuoyant,m1342.obj,2305,1252,[0.3500422  0.2338341  0.30815935],[0.586587 0.95     0.58436 ],0.95,0.5216992541198298,[0.08185583 0.00791175 0.00747886],"[[0.060367795794792234, -0.9980176659805351, -0.017789536858595866], [-0.17018389037176104, -0.027851863404560716, 0.9850186379773868], [-0.9835614737721332, -0.05643591140097558, -0.1715278846588232]]"
AircraftBuoyant,m1343.obj,344,178,[0.36796014 0.48557646 0.36796015],[0.685921 0.95     0.685921],0.95,0.7117400039441132,[0.08290807 0.02728586 0.0272242 ],"[[3.388035869382051e-07, -0.9999999999998979, -2.99493627933175e-07], [3.1923815617162004e-11, -2.99493627922376e-07, 0.9999999999999551], [-0.9999999999999427, -3.388035869477509e-07, 3.1822346101753507e-11]]"
AircraftBuoyant,m1344.obj,1930,1093,[0.35005955 0.29013131 0.34940063],[0.649099 0.95     0.6491  ],0.95,0.5734096897260836,[0.10835615 0.01093409 0.0108532 ],"[[0.001016361647315649, -0.999999433504217, -0.000316228156289173], [-0.9999703308833843, -0.0010187466019708975, 0.00763541147130042], [-0.007635729302231687, 0.00030845843469822317, -0.9999707998193833]]"
AircraftBuoyant,m1345.obj,6000,3174,[0.31304833 0.58999737 0.3130726 ],[0.576277 0.95     0.576277],0.95,0.7376385282091547,[0.09119675 0.02041466 0.02040059],"[[0.0011184940167876982, 0.999998882101188, 0.0009923545277759924], [-0.039335192209856505, -0.0009475909529646468, 0.9992256225323686], [0.999225445845405, -0.0011566623363138075, 0.03933408836228061]]"
AircraftBuoyant,m1346.obj,1375,742,[0.16901234 0.18214096 0.45696178],[0.297079 0.329725 0.95    ],0.95,0.5201486034973302,[0.0897768  0.00622558 0.00387209],"[[0.0015513713184584894, 0.010500783298442147, -0.99994366181158], [0.01317146546600243, 0.9998579076108722, 0.010520317746445537], [0.9999120490045662, -0.013187044328712145, 0.0014128401758200194]]"
AircraftBuoyant,m1347.obj,6274,3055,[0.16829789 0.14597533 0.53549427],[0.287086 0.394881 0.95    ],0.95,0.5799888743828377,[0.06318696 0.01239918 0.00287793],"[[-0.00042581889410818165, -0.010615435792545928, 0.9999435640080913], [0.006936307475132552, 0.9999195681910376, 0.010618134829591747], [-0.9999758528668978, 0.006940437420170638, -0.00035215271808461217]]"
AircraftBuoyant,m1348.obj,1382,795,[0.16873636 0.17566178 0.46068733],[0.296693 0.329958 0.95    ],0.95,0.5211159520631444,[0.08403906 0.00639012 0.00363696],"[[0.0015028148147255124, 0.01486451520351779, -0.999888387639039], [0.01351892503290467, 0.9997978397938765, 0.014883487812092847], [0.9999074858273576, -0.013539783279742892, 0.0013015587386859733]]"
AircraftBuoyant,m1349.obj,640,432,[0.48583103 0.13479902 0.14961127],[0.95     0.360203 0.248648],0.95,0.5259145365969377,[0.0509046  0.0106754  0.00553908],"[[-0.9985848576876433, 0.053181565695813345, -5.538132251519215e-05], [0.053181592338466754, 0.9985845741356487, -0.0007526849740430821], [1.5273968963578435e-05, -0.0007545650846056067, -0.9999997151990787]]"
AircraftBuoyant,m1350.obj,1976,1097,[0.38388215 0.15815833 0.07356281],[0.95     0.266317 0.280022],0.95,0.42165276321211637,[0.03387363 0.00603303 0.00393676],"[[-0.9913254579639683, -5.757581468616593e-08, -0.13142996763495451], [1.1016500917804382e-07, -0.9999999999999167, -3.9285989644072663e-07], [-0.13142996763492096, -4.0393100034555526e-07, 0.9913254579638922]]"
AircraftBuoyant,m1351.obj,24466,12987,[0.11664972 0.08584329 0.32030777],[0.1833   0.194243 0.95    ],0.95,0.3515299356591857,[0.03588715 0.00428565 0.00167125],"[[-2.5230410778860812e-06, -0.06697969661130186, 0.9977543386202298], [0.9999999999930991, 2.5518299517724083e-06, 2.7000252161944152e-06], [-2.7269462756255384e-06, 0.9977543386201567, 0.06697969660440126]]"
AircraftBuoyant,m1352.obj,6348,3298,[0.46863493 0.18617714 0.17864334],[0.95     0.351642 0.307621],0.95,0.5349710903399767,[0.07047498 0.01012987 0.00495225],"[[0.9999965849755, -0.002385310889820228, 0.001067862021239486], [-0.0023832985741882007, -0.9999953894283131, -0.001881757163592985], [0.001072345673639401, 0.0018792057033135186, -0.9999976593276011]]"
Apartment,D00045.obj,21021,14865,[ 0.06485796  0.03296589 -0.05506245],[1.442213 1.47133  0.88627 ],1.47133,0.09124242007163776,[0.10693727 0.06283398 0.03665936],"[[0.9780650952992491, 0.09703149443886538, 0.18431917546536272], [0.11479853139309329, -0.989458349996468, -0.08828063667790377], [0.17381014512179577, 0.10750377997646185, -0.978893748444392]]"
Apartment,D00086.obj,42064,20493,[ 0.0117032  -0.07538239 -0.04032096],[1.784045 1.668307 0.709348],1.7840449999999999,0.08628585621491403,[0.17361445 0.04179797 0.01156898],"[[0.9963424801602889, 0.08435384288131714, -0.013641532875684512], [0.08495873655081855, -0.9950020372951215, 0.05246864646859556], [-0.009147421042727182, -0.0534357087509085, -0.9985293935175645]]"
Apartment,D00138.obj,21140,10827,[-0.07477229 -0.16899284  0.06729904],[1.559021 1.147692 0.516668],1.559021,0.19666884659780856,[0.04053749 0.01949903 0.00691138],"[[-0.9994775184679552, -0.000484730954974316, 0.032318030772922945], [0.0003121386505223717, 0.9996961550592707, 0.02464751770814726], [-0.03232015851757468, 0.024644727541847006, -0.9991736809773298]]"
Apartment,D00156.obj,19380,12732,[-0.03008283  0.19995087 -0.04225052],[1.700648 1.584903 1.233871],1.700648,0.2065682318506667,[0.23687052 0.19412456 0.02931208],"[[0.9683442816692551, 0.24955814631721296, -0.005484866923698155], [0.24787906127319903, -0.9639540705032249, -0.09668774970274885], [-0.029416375384668, 0.09226744586787035, -0.9952996510057902]]"
Apartment,D00310.obj,9480,14464,[ 0.07108421 -0.00575935 -0.01667491],[1.777636 0.883673 0.708209],1.777636,0.07324061173095944,[0.27760058 0.07429363 0.02494206],"[[0.9984052780449784, -0.05083435990026539, 0.02455134671376411], [-0.051258003778153864, -0.9985416701538777, 0.01694550131992028], [0.02365412903930168, -0.01817693097953944, -0.9995549416413072]]"
Apartment,D00348.obj,3008,2006,[-0.12338756  0.07705423  0.00452147],[1.667168 0.975901 1.018217],1.6671680000000002,0.14554136248365745,[0.19116995 0.08250579 0.0048928 ],"[[0.996259166722671, 0.07734198489171903, -0.03854724496067664], [0.07928210379975914, -0.9955138677702668, 0.05163803921691946], [-0.034380528473738146, -0.05450097659760789, -0.997921651639934]]"
Apartment,D00366.obj,2540,1294,[-0.02215598 -0.07962717  0.02382457],[1.641111 1.447755 1.193319],1.641111,0.08601734080015676,[0.20970553 0.1047377  0.08072606],"[[0.9966158137216026, 0.08181125629712487, -0.007989880043787428], [0.07339569074170374, -0.9294184105718191, -0.36165520965513764], [-0.0370134086592433, 0.3598448782923547, -0.932277679206246]]"
Apartment,D00478.obj,25206,19857,[ 0.04612862 -0.06442518 -0.02016148],[1.691115 1.165133 0.929405],1.691115,0.08176147153421995,[0.22955209 0.08497148 0.04703554],"[[0.9981375335150885, 0.05804458540889213, -0.01876939778270004], [0.053807080207417465, -0.9826548884015467, -0.17746596411733792], [-0.02874477879490355, 0.17612551321501818, -0.9839479362683669]]"
Apartment,D00496.obj,2579,7737,[-0.00174584 -0.00655535 -0.03233715],[1.796949 1.582875 0.600796],1.796949,0.033041065171052285,[0.12583616 0.11902877 0.04797047],"[[-0.409727867883883, 0.9122076458353281, -0.0005340027115613921], [0.9106818796988674, 0.4090762590597311, 0.05757715051853019], [0.052740764759988054, 0.023104656527657762, -0.9983409170114539]]"
Apartment,D00626.obj,64688,73184,[-0.0440093  -0.0454781   0.05155436],[1.792921 0.928909 0.894439],1.792921,0.08162676376256779,[0.25056353 0.06264458 0.0446895 ],"[[0.9996602935813798, -0.025528402959892837, -0.005253387393582488], [-0.02604565884930219, -0.985901061110273, -0.16528981020239386], [-0.0009597353257453896, 0.16537048812879207, -0.9862310482661502]]"
Apartment,D00639.obj,7980,4849,[ 0.1916355  -0.02615515 -0.12254833],[1.683898 1.044318 1.136995],1.6838980000000001,0.2289680136625004,[0.19643149 0.08108464 0.05736936],"[[0.9832907487049617, 0.037285567442759224, 0.17818274319278912], [0.01337045559200459, -0.9909483100651818, 0.13357648631485555], [0.181550363338932, -0.12896213878279164, -0.9748888307556252]]"
Apartment,D00651.obj,19380,12732,[-0.13320101 -0.1558779   0.04866621],[1.865417 1.855182 1.218452],1.8654169999999999,0.21073402387341264,[0.23687052 0.19412456 0.02931208],"[[0.7617725260566236, -0.6478079433627612, -0.0068910856488950635], [-0.6463223839191379, -0.7592108793144321, -0.07659123171544856], [0.04438462110227673, 0.06279895896205025, -0.997038763620999]]"
Apartment,D00681.obj,15557,13823,[ 0.20742676 -0.10520445 -0.05033533],[1.776201 1.37796  1.127836],1.776201,0.23796529482496545,[0.30921978 0.09658267 0.03762017],"[[0.9778197749266446, 0.2035287605287751, 0.049442202621108405], [0.1966320813850201, -0.9733508735330817, 0.11799958289155758], [0.07214091995948665, -0.10566040237481233, -0.9917820158872573]]"
Apartment,D00780.obj,13684,8240,[-0.17918899 -0.02484568  0.04221636],[1.76693  1.067875 0.523033],1.76693,0.1857638886143562,[0.36809068 0.12315976 0.0157519 ],"[[0.9831967723170006, -0.18003593693069742, 0.03018556474405984], [-0.17897371415694371, -0.9832368732850472, -0.034837632719699224], [0.03595158614443132, 0.028849825409004128, -0.9989370205511303]]"
Apartment,D00792.obj,1158,1327,[ 0.3876649   0.20067655 -0.06582132],[1.898703 1.928785 1.528542],1.928785,0.44146075760813275,[0.17266152 0.09694567 0.04606576],"[[-0.46062878725657, 0.8837296257580194, 0.08272284393160516], [0.8095893677117192, 0.38011416556928734, 0.44730110308572124], [0.36384911163651323, 0.27301129956680525, -0.8905496360507731]]"
Apartment,D00859.obj,2163,1378,[ 0.1700617  -0.11609521  0.02780441],[1.897966 1.303498 0.543126],1.897966,0.2077791269761101,[0.25744909 0.0989198  0.01868207],"[[0.9947761026963905, 0.10025400320948541, 0.019226032993131605], [0.10152260860902115, -0.9913007840250527, -0.08376106215023264], [0.010661399786143562, 0.08527537998618441, -0.9963003784616423]]"
Apartment,D00860.obj,25206,19857,[ 0.06179465 -0.06686338 -0.01681445],[1.69196  1.159947 0.925928],1.69196,0.09258518058163609,[0.22955209 0.08497148 0.04703554],"[[0.998032202922352, 0.05921480183810536, -0.02062351020634547], [0.055092655730482144, -0.985163655362094, -0.16253421620741826], [-0.029941964105914803, 0.16107817790399523, -0.9864873538918829]]"
Apartment,D00869.obj,9069,4930,[-0.15508069  0.08652805  0.13220488],[1.672896 1.166727 0.932431],1.672896,0.22139389030516773,[0.26627842 0.12188595 0.07982689],"[[0.9906129096250141, 0.13542341082533674, 0.01861620489507494], [0.1321151499988645, -0.9834531974655172, 0.12395723268784378], [0.03509487747579239, -0.12033415223984743, -0.9921129176558868]]"
Apartment,D00921.obj,7983,12842,[ 0.2413255  -0.12752701 -0.09216273],[1.673306 1.033171 1.113445],1.6733060000000002,0.28808871501223643,[0.08220139 0.06151274 0.05114192],"[[0.9440849353288843, 0.21163008499687166, 0.2528168151236649], [-0.08311901878379041, -0.5892633674979365, 0.8036540999966414], [0.3190530733302476, -0.7797316146272438, -0.5387241831858999]]"
Apartment,D00953.obj,7140,4158,[-0.19526575  0.01745154 -0.02631714],[1.614522 1.722878 0.963597],1.722878,0.19780257732193277,[0.105283   0.08755189 0.03380305],"[[0.946532899373984, 0.19967720980162174, -0.25338603412287475], [-0.21196592372367584, 0.977032310677183, -0.02187032402076558], [0.243199337134476, 0.07441018598715773, 0.9671179900295042]]"
Apartment,m463.obj,3672,2022,[0.40503426 0.42523922 0.29990564],[0.760029 0.95     0.549765],0.95,0.6594122619987474,[0.08203654 0.01981087 0.01749234],"[[1.3767153883373197e-05, -0.9999999919792362, 0.00012590469936496975], [0.9999999999052265, 1.3767139643796613e-05, -1.1396472364178542e-07], [1.1223137514973353e-07, 0.0001259047009220072, 0.9999999920739969]]"
Apartment,m464.obj,12810,8301,[0.18442683 0.53221431 0.16114051],[0.322449 0.95     0.271305],0.95,0.5858596979061083,[0.07040255 0.00423079 0.00360357],"[[0.0006318566851237294, -0.9999996434267081, -0.0005602709934632412], [-0.9999807604711628, -0.0006353019075929393, 0.006170500709103605], [-0.006170854450098771, 0.0005563613419896981, -0.9999808053244886]]"
Apartment,m465.obj,4363,2335,[0.15119548 0.62563062 0.1099707 ],[0.19202  0.95     0.226523],0.95,0.6529680709696495,[0.09614349 0.00379571 0.00234548],"[[-0.046458241538947315, 0.9974870747849929, 0.053489881566393026], [-0.6747014706690149, -0.07082163327766054, 0.7346851174053771], [0.7366271494251192, -0.0019575231192679246, 0.6762962448757646]]"
AquaticAnimal,m53.obj,34877,18409,[0.10102272 0.16914467 0.66439275],[0.138371 0.323761 0.95    ],0.95,0.6929886236811306,[0.0499066  0.00467619 0.00080309],"[[0.08217030802635183, 0.04400343574012081, -0.9956463921101303], [-0.008930452094093147, 0.999017192756123, 0.04341538440542298], [0.9965782897014411, 0.005324116897720121, 0.08248252102724458]]"
AquaticAnimal,m54.obj,33836,18143,[0.14644469 0.173088   0.64504325],[0.229899 0.346143 0.95    ],0.95,0.6837296910718722,[0.06749693 0.0044008  0.00157093],"[[0.15804306131752122, -0.016196963838082473, -0.9872993715848369], [0.12239968027759411, 0.9924753664293032, 0.0033113892798965227], [0.9798166711366615, -0.12136846951926249, 0.15883634838796473]]"
AquaticAnimal,m55.obj,37072,19505,[0.09274598 0.17740759 0.68372766],[0.15651  0.355146 0.95    ],0.95,0.7124315979909034,[0.05669037 0.00413497 0.00118698],"[[0.06158590120465872, 0.01668158888445119, 0.9979623747241678], [-0.002944222245486417, -0.9998529364170198, 0.016894883652517387], [0.9980974443050034, -0.003978709659309486, -0.06152772985628283]]"
AquaticAnimal,m56.obj,10893,5814,[0.09715948 0.17070122 0.7132265 ],[0.143956 0.342452 0.95    ],0.95,0.7397776042597566,[0.05384921 0.00337462 0.00092353],"[[0.00011965397712665537, 0.01574652063314024, 0.9998760086985166], [-0.008582437366040523, 0.9998392067986221, -0.01574491400929271], [-0.9999631630474114, -0.008579489276880879, 0.00025477826464760645]]"
AquaticAnimal,m57.obj,36278,18878,[0.08475104 0.18853803 0.66922081],[0.118963 0.364443 0.95    ],0.95,0.7004183169264322,[0.05013035 0.00591201 0.00068347],"[[-0.00018466913939142008, -0.054999946487563914, 0.998486340309007], [0.0014513839237109251, -0.9984853204119682, -0.05499962187610994], [0.9999989296904347, 0.0014390302895307338, 0.00026421546295245593]]"
AquaticAnimal,m58.obj,950,477,[0.27601371 0.23163505 0.49227723],[0.512049 0.475211 0.95    ],0.95,0.6100616687256307,[0.06708743 0.0145742  0.01341134],"[[0.06647564773812764, -0.057918181843198024, -0.9961056532666476], [-0.020743005311579955, -0.9981783440163939, 0.05665440201196595], [-0.9975724114010173, 0.016896086785643173, -0.0675559491302719]]"
AquaticAnimal,m59.obj,1680,44,[0.125      0.125      0.51227273],[0.2  0.2  0.95],0.95,0.541916365417615,[0.07700169 0.00172103 0.00145433],"[[1.640005979873604e-18, -8.177864698173145e-17, 1.0], [-8.239894158060747e-18, 1.0, 4.433309637092686e-17], [-1.0, -8.239894158060747e-18, 1.6400059798736035e-18]]"
AquaticAnimal,m60.obj,3208,1606,[0.18684836 0.19895892 0.64861961],[0.323674 0.382675 0.95    ],0.95,0.7037075792983343,[0.05928439 0.0053274  0.001928  ],"[[6.366777097737333e-05, 0.041847783208847966, 0.9991239958017825], [-0.0004248035361168214, 0.9991239088086412, -0.041847752495178435], [-0.9999999077441811, -0.0004217670533139846, 8.138907848981537e-05]]"
AquaticAnimal,m61.obj,337,216,[0.10852948 0.2092876  0.6003623 ],[0.16243  0.418396 0.95    ],0.95,0.6449921239888968,[0.06673058 0.00494128 0.00203048],"[[0.02119020689230994, -0.0027094892352256994, -0.9997717908602669], [0.05015934695799441, -0.9987341130006312, 0.0037698065719659144], [-0.9985164069982069, -0.050227783117779506, -0.021027476274262394]]"
AquaticAnimal,m62.obj,478,241,[0.07812209 0.38389136 0.55283676],[0.106276 0.724178 0.95    ],0.95,0.6775722215611115,[0.06533674 0.03227281 0.00042477],"[[-0.0012266071992391133, 0.1909298042833547, -0.9816029264784709], [-0.001904983948251358, 0.9816014376756675, 0.19093189515955533], [0.9999974332321736, 0.002104136255665123, -0.0008403211778338735]]"
AquaticAnimal,m63.obj,1792,1112,[0.28012325 0.31798494 0.40386306],[0.95     0.699541 0.752238],0.95,0.585396296866232,[0.04384779 0.01902393 0.01444088],"[[0.9494024630686861, 0.3139736188003006, -0.007451833100365275], [0.31405971307719205, -0.9492194321665525, 0.01868063755013887], [-0.0012081974110147642, -0.02007576386719507, -0.9997977315258146]]"
AquaticAnimal,m64.obj,444,247,[0.49424081 0.26315442 0.10153026],[0.95     0.520087 0.1539  ],0.95,0.5690629296226885,[0.06007655 0.00757851 0.00121391],"[[0.9997237274489453, 0.02350350772175565, 0.00023216451137717526], [0.023502145928544108, -0.9997125737990123, 0.004734862712681037], [0.0003433836635426176, -0.004728098235854695, -0.9999887635242368]]"
AquaticAnimal,m65.obj,1930,1004,[0.21253133 0.31948322 0.76287878],[0.374816 0.579595 0.95    ],0.95,0.8539456248196796,[0.03030042 0.00766154 0.00212332],"[[-0.0006982854475396224, -0.15664108981952132, -0.9876553454406989], [-0.001509699401483284, 0.9876546258340353, -0.15663990831313926], [0.9999986166016184, 0.0013816833154045834, -0.0009261458119633184]]"
AquaticAnimal,m66.obj,8196,4117,[0.24203397 0.30311843 0.5967383 ],[0.420705 0.522553 0.95    ],0.95,0.7117287564414421,[0.07709994 0.0065652  0.00514867],"[[0.03901673268484206, 0.21249644814791663, -0.976382585923735], [0.993815416388649, 0.09341166587137997, 0.06004314138509099], [0.10396447815891689, -0.9726867533814028, -0.20753762810028129]]"
AquaticAnimal,m67.obj,27996,14000,[0.56885554 0.13235448 0.18700061],[0.95     0.2247   0.363988],0.95,0.6132565216147136,[0.07938266 0.00822952 0.00092245],"[[0.9999673171834059, 0.0027759029766957146, -0.007593347594140789], [0.0076111311753165, -0.006452989835917314, 0.9999502135628602], [0.0027267649795310813, -0.9999753263380259, -0.006473906695719606]]"
AquaticAnimal,m68.obj,1098,553,[0.52110382 0.13168083 0.10688983],[0.95     0.253519 0.16243 ],0.95,0.548009553781214,[0.04762117 0.00347412 0.00129308],"[[0.9997534040013141, -0.021929616245062667, -0.0034961577666611588], [-0.02195357380739226, -0.9997347077415791, -0.006968122698610353], [-0.00334242200634241, 0.0070431575450072064, -0.9999696106117064]]"
AquaticAnimal,m69.obj,560,317,[0.19107897 0.10241326 0.65911099],[0.332325 0.239776 0.95    ],0.95,0.693849365082419,[0.08150906 0.00527188 0.00208338],"[[0.0010465559990368329, -0.055621505795493915, 0.9984513772906434], [-0.9999932101111886, 0.003469655784215639, 0.001241458923829992], [-0.0035333344112012297, -0.9984458971730923, -0.055617496942578476]]"
AquaticAnimal,m70.obj,560,320,[0.23972651 0.09855128 0.60813349],[0.429415 0.241076 0.95    ],0.95,0.6610654245390514,[0.07628209 0.00479749 0.00165825],"[[0.0003463021758708418, 0.009870024076989444, -0.9999512301605126], [0.9999974966973232, 0.002207056704112114, 0.00036810296410356205], [0.002210582251429428, -0.9999488544547789, -0.009869235060792847]]"
AquaticAnimal,m71.obj,836,420,[0.17547676 0.15357734 0.64460926],[0.30099  0.346535 0.95    ],0.95,0.6854919380879492,[0.07322106 0.00469284 0.0032074 ],"[[5.998839983403926e-05, -0.007135526968057288, -0.9999745400040344], [3.320080013643655e-05, -0.9999745412379484, 0.007135528968575818], [-0.9999999976495494, -3.362800380899332e-05, -5.97499673989074e-05]]"
AquaticAnimal,m72.obj,590,331,[0.24060458 0.10216127 0.59096553],[0.431203 0.237828 0.95    ],0.95,0.646194816868428,[0.07777543 0.00433456 0.00190725],"[[0.00035050243976247756, 0.018806004046329088, -0.999823090031356], [0.9999974719173176, 0.0022141207110377634, 0.00039220970252004563], [0.0022211049082648013, -0.9998206998663743, -0.018805180448484785]]"
AquaticAnimal,m73.obj,564,285,[0.46122609 0.2701536  0.20001645],[0.95     0.585865 0.351181],0.95,0.5707180167818572,[0.10172234 0.01648472 0.0042793 ],"[[0.9990109014996675, -0.04445169093092323, 0.0011251036411344941], [-0.044451663433744126, -0.9990115350550279, -4.9446634736409694e-05], [0.0011261895021506495, -6.15001239645146e-07, -0.9999993658482124]]"
AquaticAnimal,m74.obj,336,162,[0.18431922 0.16889793 0.71176307],[0.329455 0.296596 0.95    ],0.95,0.7543916422461627,[0.08458252 0.00319038 0.00256251],"[[0.023651836306649496, 0.01687319116129587, 0.999577853926025], [-0.44273857518617277, -0.8962850597767372, 0.025605578750110193], [0.8963387443826363, -0.4431572937919953, -0.01372837490433889]]"
AquaticAnimal,m75.obj,512,298,[0.28159955 0.10749714 0.57106335],[0.513384 0.274311 0.95    ],0.95,0.6457300482220965,[0.057496   0.00427243 0.00310571],"[[0.0008001715984112077, -0.02934276385440082, 0.9995690881248769], [-0.9999917131889311, 0.003966454585092831, 0.0009169468310488304], [-0.003991651147040485, -0.9995615385995047, -0.02933934685215514]]"
AquaticAnimal,m76.obj,3164,1583,[0.21049104 0.18392733 0.69685172],[0.37093 0.32814 0.95   ],0.95,0.7508249166252747,[0.07219954 0.00360945 0.00261455],"[[7.368527518098203e-05, -0.049178847778142416, 0.9987899856835243], [-0.00024292473780093137, 0.998789958044187, 0.049178864338886644], [-0.9999999677790254, -0.0002462545535422652, 6.164935420463024e-05]]"
AquaticAnimal,m77.obj,23022,11578,[0.35956217 0.15168138 0.39463581],[0.95     0.382994 0.586203],0.95,0.5550041653198663,[0.06925352 0.00330488 0.00243245],"[[0.9137060294478573, -0.062288004220726625, -0.40157377439373454], [-0.4003111749889661, 0.03212436842701735, -0.91581602308112], [0.06994465619033814, 0.9975410916264872, 0.004417644966653377]]"
AquaticAnimal,m78.obj,734,468,[0.34534002 0.24435991 0.26694712],[0.95     0.49165  0.403181],0.95,0.5002322101967044,[0.08649475 0.003446   0.00276548],"[[-0.9857539914278516, -0.0692635752669072, 0.1532697802089658], [-0.16155317501375174, 0.6434423417808778, -0.7482529815821092], [-0.04679358959339725, -0.7623545828187731, -0.645465607161357]]"
AquaticAnimal,m79.obj,226,166,[0.54346978 0.08748187 0.18520658],[0.95     0.231171 0.275958],0.95,0.580787364058519,[0.06341259 0.0016271  0.00138989],"[[0.99363007531793, -0.005718123665602643, -0.11254588613285516], [0.013790559837026574, -0.9850354952097309, 0.17179899195368323], [-0.11184406056231198, -0.17225671609160903, -0.9786820371695134]]"
AquaticAnimal,m80.obj,2104,1104,[0.50281032 0.11825161 0.18376995],[0.95     0.283883 0.391001],0.95,0.5482454324279049,[0.06814064 0.00487357 0.00330688],"[[0.9859740213390484, 0.00716541195668687, -0.16674497328554402], [0.1626487887275196, 0.18277591653493497, 0.9696073101314185], [0.03742460113316522, -0.9831284866213089, 0.17904685985439128]]"
AquaticAnimal,m81.obj,1673,857,[0.21681205 0.10910881 0.54467882],[0.3895 0.266  0.95  ],0.95,0.5963113445087719,[0.07368098 0.00230432 0.00180578],"[[0.0008284226576228233, 0.08465849070194396, -0.9964096816410252], [0.04151882941769548, 0.9955479283177211, 0.08461979216517669], [0.9991373782016587, -0.04143986455530695, -0.002690186973645708]]"
Bed,D00031.obj,3590,1867,[-0.16601179  0.05554633  0.02336353],[1.600092 1.434997 0.579696],1.600092,0.17661020379872022,[0.28520725 0.22218709 0.01236356],"[[-0.9982518004862702, 0.04213905734962744, 0.04144445284480046], [-0.04343480728478345, -0.9985789920519562, -0.030877405147341032], [0.04008441520159419, -0.03262355710501441, 0.9986635785787737]]"
Bed,D00110.obj,3644,1926,[-0.03127064 -0.08932412 -0.08983198],[1.64113  1.243046 0.559719],1.64113,0.13048538637422474,[0.40463387 0.18544452 0.00915135],"[[0.9947635619829461, -0.10183365606185356, -0.008681143016750485], [-0.10161900696225588, -0.9945722475110816, 0.022352223709522914], [-0.010910232582587826, -0.02135300854286517, -0.9997124665878494]]"
Bed,D00184.obj,14204,7218,[-0.17546487 -0.07941271 -0.08724491],[1.687686 1.555931 0.808304],1.6876859999999998,0.2114378735537715,[0.25347395 0.16633847 0.03146101],"[[0.9322184141439027, -0.3425969478542018, 0.11660257137821765], [-0.3501578054193192, -0.9352758453024437, 0.05146459460372441], [0.09142395547641123, -0.08880554326608904, -0.9918443606989263]]"
Bed,D00210.obj,34247,22063,[0.04673397 0.13860616 0.09492345],[1.484827 1.399419 0.958927],1.4848270000000001,0.1743737207785562,[0.36595485 0.12875446 0.01453276],"[[0.9911561517710722, 0.11026464209241046, -0.0738321847881501], [-0.1041929937338929, 0.9912054188866605, 0.08158209133436671], [0.08217848175238993, -0.0731677953334157, 0.9939281517609405]]"
Bed,D00213.obj,4536,2277,[0.26688259 0.05993948 0.01982444],[1.70258  0.869759 0.651224],1.70258,0.27424818662778083,[0.45004783 0.08751931 0.01424348],"[[0.9988273614123838, 0.015590712144926307, 0.04583483161078546], [0.019626145125815134, -0.9958422614708882, -0.08895507122164237], [0.044257389456173905, 0.08975032012957429, -0.9949804839870796]]"
Bed,D00217.obj,6272,3238,[ 0.02038105 -0.04972795 -0.01121303],[1.724193 0.956709 0.726349],1.724193,0.05489980771415448,[0.6684665  0.09932598 0.02403025],"[[0.9998295757350727, 0.018461251528398802, -4.095643474065538e-05], [0.017986938074197337, -0.9746364589300395, -0.22307004053218013], [-0.004158069761240725, 0.2230312873036397, -0.9748024186159684]]"
Bed,D00307.obj,5259,2644,[-0.13253326 -0.07024604 -0.01286709],[1.811915 1.706044 0.606442],1.811915,0.1505494380105557,[0.24233274 0.22648868 0.010595  ],"[[-0.07660239682962176, 0.9963837446207058, 0.03676283796957299], [-0.9964868636732255, -0.07525430807068384, -0.03675213794463261], [-0.033852670893974895, -0.039448986963198505, 0.9986479730620403]]"
Bed,D00322.obj,14796,9342,[-0.04922402  0.1255048   0.1444177 ],[1.807141 1.014781 1.041557],1.807141,0.19756247591536638,[0.57705442 0.06221011 0.01630019],"[[0.9928057582014624, 0.08342798195056217, 0.08588654323976354], [0.06038920816982845, -0.9682733915927864, 0.24248666493237053], [0.10339182762017617, -0.23555553689323305, -0.9663455484557789]]"
Bed,D00417.obj,24736,12808,[-0.2278811  0.0796157  0.0639705],[1.595934 1.17749  0.67706 ],1.5959340000000002,0.2497212072828806,[0.40985143 0.16048712 0.01332434],"[[0.9986883729087024, -0.01937492384738363, 0.047393524271535356], [0.018081051150776947, 0.9994560984330464, 0.027578667376716083], [-0.04790208143965681, -0.026685569712873676, 0.998495503726906]]"
Bed,D00538.obj,13868,7136,[-0.00475788  0.1146729   0.10265701],[1.676846 1.182285 0.737522],1.676846,0.15398367870358579,[0.59003775 0.19631938 0.04203848],"[[0.9955875099325265, 0.0773009566273392, 0.053198422634976594], [0.07498084860889058, -0.9962000308134576, 0.04430994187715106], [0.056421471163396596, -0.040125561824902845, -0.9976003993984734]]"
Bed,D00545.obj,838,415,[-0.00745233  0.1494848   0.02958728],[1.709518 1.227082 0.744584],1.709518,0.1525668681547718,[0.43633328 0.22098208 0.02791612],"[[0.9984668347347249, 0.010652942550537343, 0.05431845680645351], [0.010866789689858375, -0.9999343182830378, -0.0036430758533145965], [0.05427607959917512, 0.004227757662350918, -0.9985170170049645]]"
Bed,D00552.obj,12251,6349,[ 0.20366086  0.12669366 -0.01943615],[1.546605 1.435555 0.697371],1.546605,0.24063830491171995,[0.17788662 0.10167183 0.03305321],"[[0.13980366655565707, -0.985297304984403, -0.09820466184487874], [-0.9785196022894138, -0.12230099311490536, -0.16595738916503613], [0.15150684061441577, 0.11929663814869323, -0.9812308542710313]]"
Bed,D00565.obj,1628,826,[ 0.14469237  0.10074177 -0.02596827],[1.688862 1.324207 0.55545 ],1.6888619999999999,0.17821093092251064,[0.18116795 0.14005223 0.00365992],"[[0.9878099436849221, 0.15548404787387107, 0.0074984007592798505], [0.15564435951177827, -0.9857542852595855, -0.063744195379125], [-0.0025196248449554206, 0.06413423383123489, -0.9979381000550691]]"
Bed,D00650.obj,7443,3752,[-0.01456413 -0.08215799 -0.07833704],[1.696887 0.928137 0.703578],1.6968869999999998,0.11444972957885306,[0.62941292 0.15056232 0.0385588 ],"[[0.9986575261541282, -0.025424248837469698, -0.04513040025046623], [-0.02406747125215895, -0.9992493371108127, 0.030356533252796154], [-0.045868314589086044, -0.02922960579022641, -0.9985197683882401]]"
Bed,D00735.obj,684,453,[-0.13221454  0.1241256   0.04714398],[1.758363 1.422195 0.78874 ],1.7583630000000001,0.18737770562439318,[0.22168637 0.11605561 0.01230235],"[[0.975623326547979, -0.21428134172250118, 0.0473564281281878], [-0.21766995784210938, -0.97234514464711, 0.08464460487358312], [0.02790903345639088, -0.09288932269531996, -0.9952852151924767]]"
Bed,D00836.obj,3154,1563,[-0.07308791  0.0924344   0.006846  ],[1.714961 0.877766 0.902455],1.7149610000000002,0.11803740069075634,[0.31724432 0.07763506 0.03680523],"[[0.9869325726157968, -0.03226091288475552, -0.15787124693815338], [-0.07592299656093074, -0.9572813164755969, -0.2790128665849605], [-0.14212598531997617, 0.28735294434995845, -0.9472214575642993]]"
Bed,D00839.obj,32648,16364,[ 0.03929743 -0.17861752  0.07427842],[1.665043 1.447059 0.642688],1.665043,0.1973975456426768,[0.47163259 0.15703885 0.01431196],"[[0.9773813255439835, -0.2101269133715321, 0.02392539978429963], [-0.2077463357602989, -0.9751179943738746, -0.07737155179031537], [0.03958793321272399, 0.07065109571142492, -0.9967152142004857]]"
Bed,D00969.obj,23918,13151,[-0.21046378 -0.11232573  0.01142498],[1.705187 1.497695 0.846262],1.705187,0.2388359335379564,[0.34128457 0.16350726 0.03909158],"[[0.9714853341579186, -0.23511742035361635, -0.030594838818635638], [-0.2350379277664373, -0.9719662960480624, 0.006220277957539401], [-0.031199647871995882, 0.0011480387061449746, -0.9995125131681907]]"
Bed,D00988.obj,624,768,[-0.02720179 -0.15077992 -0.07567323],[1.683397 1.152733 0.726602],1.683397,0.17088287686467754,[0.57716231 0.22718091 0.0345261 ],"[[0.9974672095961209, 0.038591857554455315, -0.05974809043831036], [-0.04361553922607301, 0.9954089966158478, -0.0851975011033185], [0.056185856926336625, 0.08758765887228462, 0.9945710389382576]]"
Bed,m945.obj,15659,8116,[0.39613052 0.38241076 0.26370737],[0.715004 0.788378 0.95    ],0.95,0.6104907437195746,[0.0830526  0.04592912 0.01343153],"[[0.05779762761950413, 0.22035182721386684, -0.9737065813093116], [0.9982499724083808, -0.024975173511277798, 0.05360254933068648], [-0.01250707112893498, -0.9751006681115503, -0.2214097112147162]]"
Bed,m946.obj,644,449,[0.25959603 0.30950911 0.49990581],[0.469149 0.469147 0.95    ],0.95,0.6427221831782883,[0.20729368 0.02621383 0.01611534],"[[1.1387056588388487e-05, -1.0539406518449117e-05, -0.9999999998796281], [0.9999999977717273, -6.577890713548058e-05, 1.138774983502862e-05], [-6.57790271476875e-05, -0.9999999977810283, 1.0538657466826571e-05]]"
Bed,m947.obj,584,441,[0.37350127 0.25099169 0.4999939 ],[0.696994 0.420454 0.95    ],0.95,0.6726766895462231,[0.20925453 0.04860666 0.01682362],"[[1.990649929088726e-06, 0.06729983178264885, -0.9977327962125253], [0.9999999999972811, -1.3458945060436509e-06, 1.9043890933947829e-06], [-1.2146780232878273e-06, -0.9977327962136036, -0.06729983178514508]]"
Bed,m948.obj,9038,4597,[0.51297679 0.44666995 0.42297758],[0.95     0.868382 0.936408],0.95,0.8009801901633307,[0.17409414 0.13901924 0.098634  ],"[[-0.11569002876857618, -0.019276783334536397, 0.9930982946656387], [-0.9832638035274904, 0.1438885709115719, -0.11175138403473149], [-0.1407412871767858, -0.9894061273235066, -0.03560063620952066]]"
Bed,m949.obj,1388,706,[0.40554045 0.4242143  0.25340041],[0.931207 0.95     0.464954],0.95,0.6392437697269369,[0.14835318 0.02738439 0.02475531],"[[0.9998982315056476, 0.01094079707149118, 0.009155631672301026], [-0.009168643664202657, 0.001139743053392501, 0.9999573175686706], [0.010929895024073561, -0.999939498142369, 0.0012399393332088633]]"
Bed,m950.obj,724,437,[0.39720744 0.44493801 0.49997186],[0.744384 0.864227 0.95    ],0.95,0.7782772245675397,[0.17607954 0.13116542 0.09869962],"[[3.950881748454087e-05, -0.06364624186735918, 0.9979725218337503], [0.00010531318562401194, -0.9979725168136317, -0.06364624571644982], [0.9999999936740934, 0.00010761425334512852, -3.2725925537329715e-05]]"
Bed,m951.obj,572,363,[0.4114844  0.31742435 0.29785435],[0.772947 0.511752 0.95    ],0.95,0.5989948617109969,[0.1100226 0.0810099 0.0062379],"[[0.0023555300949036147, -0.08652394369989083, 0.9962469867681357], [0.999997217596948, 7.670967941369283e-05, -0.0023577349272659196], [0.00012757873713418146, 0.9962497685230562, 0.08652388364736424]]"
Bicycle,D00016.obj,5049,2769,[ 0.04350924  0.05789344 -0.00688587],[1.874254 1.258803 0.387782],1.874254,0.07274695938969507,[0.32018279 0.08086464 0.00236648],"[[0.9997630077377077, -0.02064141474387428, -0.006918117997231583], [-0.020674554019738833, -0.9997749585719488, -0.00475342282390163], [-0.0068184437621169065, 0.004895325303721654, -0.9999647716868997]]"
Bicycle,D00033.obj,4448,2192,[-0.07791179  0.06937241  0.00308441],[1.943924 1.093925 0.591641],1.943924,0.104366140829406,[0.33885282 0.06559482 0.00291916],"[[0.9980325073703908, 0.062426847573016885, 0.005831203483492421], [0.06251182133994304, -0.9979199667393307, -0.015748402323292433], [0.004835951274942305, 0.016081936608150167, -0.9998589825021316]]"
Bicycle,D00040.obj,50650,25426,[ 0.24321394  0.02537398 -0.02441705],[1.904794 1.20297  0.633241],1.9047939999999999,0.24574998297897646,[0.1030024  0.02108177 0.00165892],"[[0.9992177145553516, -0.0391567831997846, 0.00554123165236775], [-0.03946859905951146, -0.9962149498172705, 0.07744677816960997], [0.0024876911101801803, -0.07760489733269615, -0.9969810887388598]]"
Bicycle,D00077.obj,32265,16416,[-0.05994833 -0.19672588 -0.0081851 ],[1.891602 1.144849 0.652735],1.891602,0.2058199977672721,[0.21861307 0.06218885 0.0043226 ],"[[0.9784093408286118, 0.20667476858501452, -0.0008377408023846863], [0.20634515528129022, -0.9766034639074195, 0.0605586589677289], [0.011697806258508718, -0.05942402135803387, -0.9981642885889968]]"
Bicycle,D00078.obj,44740,22674,[-0.01009491 -0.01978795 -0.01611584],[1.88681  1.354488 0.72354 ],1.88681,0.0274443163112931,[0.2200009  0.07510062 0.00847219],"[[0.9837564588289639, -0.17948739568731817, 0.0027394345550150055], [-0.17911023351141642, -0.9824763835717187, -0.05157208523341667], [0.0119479690233529, 0.0502437111808135, -0.9986655173395125]]"
Bicycle,D00462.obj,111471,56754,[-0.06092454  0.02117366 -0.0038385 ],[1.914858 1.20516  0.514608],1.914858,0.06461313855132453,[0.24155293 0.04837869 0.00275953],"[[0.9991882708557701, 0.03482564049406007, -0.020247818362349658], [0.034174594391306955, -0.9989143854965606, -0.03165671407803464], [-0.02132830238077737, 0.030939056420764784, -0.9992936897155645]]"
Bicycle,D00514.obj,12939,6951,[-0.09143718  0.06294439 -0.0130221 ],[1.868111 1.251882 0.396718],1.8681109999999999,0.11176909369320723,[0.28110625 0.06574076 0.00423044],"[[0.9993256643795828, 0.03615118016056438, 0.006427183310260182], [0.03606771509454413, -0.9992691592100765, 0.0126596753293899], [0.006880148266139754, -0.012419324642877502, -0.9998992068879996]]"
Bicycle,D00536.obj,60488,30832,[-0.00562341  0.03501905 -0.00087888],[1.908316 1.231255 0.897011],1.9083160000000001,0.03547857022370047,[0.30888051 0.10174058 0.01670116],"[[0.9871883665453757, 0.15874145307649098, 0.016133196603203812], [0.15887599249706544, -0.9872706413971136, -0.007422913404071036], [0.014749507298407563, 0.00989099138085695, -0.9998422977269757]]"
Bicycle,D00555.obj,64544,34364,[0.0209129  0.10363354 0.02713095],[1.926602 1.252655 0.687827],1.926602,0.10914828418312625,[0.26819921 0.0816824  0.00659577],"[[0.9996740229016087, -0.025020969140458288, -0.005079275439097799], [-0.024999754041574368, -0.9996786421162294, 0.004198189432668035], [-0.005182685942132188, -0.004069840282371422, -0.9999782878475418]]"
Bicycle,D00558.obj,37661,19417,[-0.0047075  -0.02081866 -0.01353511],[1.953064 1.123998 0.520458],1.953064,0.02527402175536709,[0.24064428 0.07029956 0.00533454],"[[0.9978909278498257, -0.06446607207847511, -0.0076040558774028745], [-0.06451390125530931, -0.997897412999494, -0.006221709872489582], [-0.007186978491272653, 0.006699155147485673, -0.9999517331653941]]"
Bicycle,D00567.obj,916,436,[-0.01827528  0.04528028  0.00704653],[1.914898 1.193422 0.555594],1.914898,0.049335012661891935,[0.26631357 0.08668334 0.00448216],"[[0.9994822536503271, -0.03209827167024508, 0.0022193678934268194], [-0.03215384727289889, -0.9989443148550063, 0.03280832096302746], [0.0011639345403946007, -0.032862695790897574, -0.9994591980074727]]"
Bicycle,D00621.obj,5049,2769,[ 0.04036698  0.04386825 -0.00931268],[1.871673 1.270434 0.387544],1.871673,0.060337736437599605,[0.32018483 0.08086515 0.00236649],"[[0.9999468068822155, 0.008013716712930673, -0.0064933620341222804], [-0.008040093420177166, 0.9999594916298884, -0.004046232456268853], [0.006460673637950529, 0.004098224461914598, 0.9999707316978852]]"
Bicycle,D00708.obj,44110,22495,[-0.00174773  0.00480091 -0.00641008],[1.93589  1.211861 0.588653],1.93589,0.008197098556975747,[0.24161643 0.06945113 0.00363479],"[[0.9775344032368851, -0.21076878765886722, 0.0017345423367577718], [-0.210774658484696, -0.9775239558889424, 0.004578100467762622], [0.0007306360013134863, -0.004840848277370205, -0.9999880161076876]]"
Bicycle,D00750.obj,5484,3053,[ 0.10905722 -0.06173569  0.07690859],[1.914939 1.55521  0.606948],1.914939,0.14703640206907373,[0.32831873 0.09508102 0.00887666],"[[0.9968443014547048, 0.05078153756824258, -0.06101372058386983], [-0.04555888710950955, 0.9954122413842197, 0.08413594658519542], [0.06500635709393612, -0.0810907216927378, 0.9945845707594333]]"
