Class,File,Amount of Faces,Amount of Vertices,Barycenter of pointcloud,Size,Biggest axis boundingbox,Barycenter distance to origin,Eigenvalues,Eigenvectors
bed,D00031.obj,11870,5962,[ 0.01235126  0.00141118 -0.00212854],[1.00000004 0.88333647 0.3495982 ],1.0000000419247999,0.012612519848033486,[0.11483918 0.08897437 0.00445065],"[[0.9996537436541191, 0.021224968392411184, 0.01555292625347724], [0.021211421477935997, -0.9997744762578578, 0.0010354816325780266], [0.015571396764269685, -0.0007052234165139414, -0.999878509751431]]"
bed,D00110.obj,11731,5988,[ 0.00806217  0.00594698 -0.00423554],[0.98188692 0.70411379 0.34288412],0.9818869210680752,0.010876809314133498,[0.17980074 0.07920856 0.00364564],"[[0.9999756543905866, 0.006502474016750387, -0.002531493191669393], [0.006494659263016854, -0.9999741566408935, -0.0030830912071246586], [-0.0025514754898473646, 0.003066574961683804, -0.9999920430137579]]"
bed,D00121.obj,11844,6000,[-0.00572526  0.00618734 -0.02987907],[0.99533242 0.81732632 0.56505439],0.9953324176629856,0.031045454815234196,[0.18989586 0.06893584 0.01413943],"[[0.9999435557894165, -0.007228792746281201, 0.0077865133820848335], [0.007274706876523082, 0.999956224524645, -0.005884528382003019], [-0.0077436344876770655, 0.005940840836888632, 0.9999523701332341]]"
bed,D00184.obj,11809,5999,[-0.00605954  0.00148981  0.0116435 ],[1.         0.83838684 0.52205929],0.9999999973921587,0.013210166905187098,[0.13223571 0.08569897 0.01618198],"[[0.9999774057875811, 0.005605891271352498, -0.003709703140874239], [-0.005614001731547134, 0.9999818662329081, -0.0021794930393675993], [0.0036974178689761377, 0.0022002700752952963, 0.9999907439135116]]"
bed,D00210.obj,11645,6024,[-0.02639685  0.0024694   0.02252615],[1.00087392 0.87566267 0.59866678],1.0008739248046772,0.034789642490070355,[0.11904359 0.07941786 0.00834705],"[[0.9994540343814349, -0.008592220239615153, -0.0319030862147797], [-0.00860946231708198, -0.9999628566368903, -0.0004031193382695506], [-0.03189843753672684, 0.0006775676675354401, -0.9994908856936975]]"
bed,D00213.obj,11984,6007,[ 0.06695054 -0.00109088  0.00624192],[0.99999996 0.48195515 0.35212904],0.9999999561683197,0.06724972775467665,[0.17270036 0.03206961 0.00574574],"[[0.9999385669100865, 0.003197236371016019, -0.01061320335196395], [-0.003186082614840286, 0.9999943544593999, 0.0010676735922191534], [0.010616557039534945, -0.0010337934590439074, 0.9999431083755267]]"
bed,D00217.obj,11928,6000,[-0.01287119 -0.00032335 -0.00285749],[0.99575636 0.48756923 0.32551385],0.9957563577933481,0.013188532310456422,[0.22899367 0.03183436 0.00751578],"[[0.9999530320200595, 0.00153884246751959, -0.009568997740107613], [-0.0015066409210441633, 0.9999931815076708, 0.003371493927227213], [0.009574120692004126, -0.0033569185313994444, 0.9999485323310137]]"
bed,D00307.obj,11905,5996,[-0.01503386 -0.0303541  -0.00618399],[0.93020426 0.99999298 0.32328819],0.999992983490474,0.03443297973299057,[0.06514146 0.06010933 0.00239715],"[[0.9930023587427261, -0.11809450679222075, 5.474380418673893e-05], [-0.11809207262033913, -0.9929846615935902, -0.005976974493454321], [0.0007602076127888862, 0.005928684960845717, -0.9999821362299528]]"
bed,D00322.obj,11910,6000,[ 4.46043800e-03  3.28602362e-05 -2.47394750e-03],[0.99497363 0.42301696 0.48183281],0.9949736307801201,0.005100686546159318,[0.19446211 0.02114415 0.0060547 ],"[[0.9999976036980276, 0.0006615416044789481, -0.0020868543092404405], [-0.0006590479354703246, 0.9999990683332813, 0.0011954030231767655], [0.002087643173821685, -0.001194024821606011, 0.9999971080211701]]"
bed,D00417.obj,11928,6000,[-0.03234315  0.00046648  0.00303876],[0.99787431 0.73710412 0.37817345],0.997874311653475,0.03248894024211443,[0.1468367  0.05351907 0.00443192],"[[0.9999146354736388, 0.010586090736079504, 0.007658749803170129], [0.010575000862029685, -0.9999429773911064, 0.00148705177354177], [0.00767405514627945, -0.0014059335463008533, -0.9999695656511127]]"
bed,D00538.obj,11916,6000,[-0.00078687  0.00060212 -0.01107027],[0.99884995 0.6653183  0.38500946],0.9988499498918024,0.01111452643208676,[0.2316556  0.07518808 0.01527853],"[[0.9999991093148911, -0.0011601590144839624, -0.0006598488352428095], [-0.001160760834637002, -0.999998910073181, -0.0009124071104131771], [-0.0006587895787218424, 0.0009131722244304813, -0.9999993660561889]]"
bed,D00545.obj,11963,6004,[0.00648797 0.0112761  0.00057706],[0.99999996 0.72490858 0.44445001],0.9999999568818145,0.01302218461257961,[0.15091811 0.06707306 0.00816488],"[[0.9994959797569616, -0.03168573902422987, -0.0019494594531890557], [-0.03164996497570094, -0.9993669901736607, 0.016244958241715624], [-0.0024629589335056503, -0.0161750701304995, -0.9998661415107348]]"
bed,D00552.obj,11684,6013,[0.00260609 0.00465049 0.00228353],[0.88969896 0.99999998 0.49938602],0.999999977617495,0.005799420241498357,[0.087495   0.05049163 0.01622057],"[[0.9999962878232618, -0.002164862106791147, -0.0016546032016415482], [-0.002149731572564332, -0.9999563540835509, 0.009092226465408712], [-0.0016742144015097799, -0.009088635760714493, -0.9999572959412553]]"
bed,D00565.obj,11958,5989,[ 0.01736548 -0.00219003  0.00251382],[1.02700923 0.78264119 0.30928   ],1.0270092336933134,0.01768263126161353,[0.07615833 0.05804597 0.00111252],"[[0.9970551276476607, 0.07641181220781354, -0.006504412857810482], [0.07639891181847883, -0.997074883866715, -0.0022095780432866063], [-0.006654224557324678, 0.0017061410536417527, -0.9999764049107588]]"
bed,D00650.obj,11941,6003,[-0.03104323  0.00163545 -0.0062995 ],[0.99990872 0.51964642 0.39923734],0.9999087176710324,0.03171814642913981,[0.22100092 0.05245622 0.01351491],"[[0.9999699736665895, 0.005030628250891234, 0.005894450325657638], [0.0050681185097840534, -0.9999669146693544, -0.006362683507987386], [0.005862247010412879, 0.006392366232731457, -0.9999623851495292]]"
bed,D00735.obj,11547,6004,[-2.07101155e-02  2.46114268e-05 -2.99017263e-03],[1.00000003 0.66491955 0.48948951],1.0000000297087799,0.020924880496064016,[0.07994326 0.0414015  0.00415049],"[[0.9999014574298278, -0.005079533611604775, 0.013087160425191223], [0.005071011881516435, 0.9999869082318519, 0.0006842538996423068], [-0.013090464781803323, -0.0006178213254929294, 0.9999141253270732]]"
bed,D00836.obj,11957,5994,[-0.0019667   0.00034898 -0.0016333 ],[1.00000002 0.36192046 0.44131827],1.0000000228872015,0.0025801891132882387,[0.09857064 0.02367069 0.01085373],"[[0.9999624410798543, -0.0023387411277607005, -0.008345461015194231], [-0.002357960339415478, -0.9999945891042381, -0.00229385816556848], [-0.008340051118341529, 0.0023134502768207797, -0.9999625450461432]]"
bed,D00839.obj,11943,6000,[ 0.11107166  0.00122384 -0.0135758 ],[0.99999964 0.80042001 0.4088242 ],0.9999996428648043,0.1119049333325788,[0.19582382 0.06599335 0.00724703],"[[-0.9999814653357979, 7.307680019254354e-05, 0.006087991840649916], [-6.940838916588013e-05, -0.9999998159228899, 0.0006027741383590703], [0.006088034768795242, 0.0006023404084359116, 0.9999812863342427]]"
bed,D00969.obj,11199,6014,[ 3.57832569e-02 -5.60828402e-05  3.76614133e-02],[0.99996784 0.84650698 0.55661246],0.9999678360260016,0.05195023263779614,[0.13282198 0.07054581 0.01362902],"[[0.9998893774463815, 0.009528775416661087, -0.011420827857318157], [-0.009541959298334617, 0.9999538689618773, -0.0011004366958731531], [0.011409815188537651, 0.0012092920373235761, 0.9999341746985808]]"
bed,D00988.obj,9984,5024,[0.00058181 0.00223374 0.00295557],[0.99614107 0.65416039 0.39827403],0.9961410670390964,0.003750134877048581,[0.21424746 0.08297627 0.01124611],"[[0.999972524566676, 0.007199936100529827, -0.0017638117520516257], [0.007199135047876223, -0.9999739800479146, -0.0004600887908294271], [-0.0017670784676488917, 0.0004473782306884807, -0.9999983386418239]]"
bed,m945.obj,11581,5970,[-0.00467993  0.00279268  0.00555723],[0.99245924 0.69537145 0.69369803],0.9924592421907912,0.007783544399298497,[0.07356709 0.03846548 0.01263957],"[[0.9995738081111256, -0.015849371973388402, -0.024515292090287497], [-0.016007995205698167, -0.9998520934752662, -0.006287707262718305], [-0.02441200990736499, 0.00667746817113093, -0.9996796812935163]]"
bed,m946.obj,11918,6003,[ 0.00071793  0.00025189 -0.00552225],[0.99518943 0.48867772 0.49106487],0.9951894301253077,0.005574416388771292,[0.22117106 0.02772402 0.01473932],"[[0.9999999982282779, -2.3742408123348177e-05, 5.4587016162446806e-05], [2.3331841031971016e-05, 0.9999718062614837, 0.00750907036663277], [-5.4763760563658274e-05, -0.007509069079713201, 0.9999718050437657]]"
bed,m947.obj,11360,5766,[ 0.00094043  0.00019547 -0.00355798],[0.99693539 0.71725638 0.43263686],0.9969353943541319,0.0036853529903194673,[0.21631    0.04855069 0.01302762],"[[-0.9999991825510369, -8.172368843844968e-05, 0.001276016652167348], [-7.974295738920881e-05, 0.9999987920789535, 0.0015522505258150179], [-0.0012761419664783283, 0.0015521475035879134, -0.9999979811478664]]"
bed,m948.obj,11840,6000,[ 0.02747265  0.00472242 -0.01858959],[1.0870591  1.70830404 1.2598195 ],1.708304035244911,0.03350553406802587,[0.14527909 0.11221964 0.0861007 ],"[[0.9944886206277825, -0.09844580083216825, -0.03606671235867322], [-0.09231651673994479, -0.9852807704976287, 0.14387308304405813], [-0.04969953902053525, -0.13975059064673756, -0.9889386878037657]]"
bed,m949.obj,11976,6000,[ 0.03572654 -0.00036072 -0.02510008],[0.9642038  0.48593764 0.98143367],0.9814336741418606,0.043663823448422276,[0.16378744 0.02551365 0.02515525],"[[0.9998479870532915, -0.0008570495680081711, -0.017414598804427413], [-0.017336270914797294, -0.15536833191724125, -0.9877044776389456], [-0.0018591654713716766, 0.9878562379735686, -0.15535957196277972]]"
bed,m950.obj,11948,6001,[0.00115755 0.01659759 0.00018554],[1.00000005 0.9373562  0.75696861],1.0000000484357288,0.01663893767631343,[0.16489347 0.12415724 0.09310254],"[[0.9999568272828697, 0.009254887036849294, -0.000831045312908487], [0.009255916637448344, -0.999956389604307, 0.001243743028208003], [-0.0008194983694646183, -0.0012513814185802867, -0.9999988812328581]]"
bed,m951.obj,9824,5127,[-0.02605759  0.00748757 -0.000275  ],[0.99340699 0.78098291 0.51566047],0.9934069948215634,0.027113416489064717,[0.08684289 0.07093364 0.0040797 ],"[[0.9943199940876953, 0.10299003634547543, 0.02684775169363652], [0.10285307980574902, -0.9946757312947531, 0.006436889599825031], [0.027367742543325642, -0.0036389540812906424, -0.9996188096876111]]"
